/*
# Copyright (c) 2020-2021 Juan J. Garcia Mesa <juanjosegarciamesa@gmail.com>
#
# Permission is hereby granted, free of charge, to any person obtaining a copy
# of this software and associated documentation files (the "Software"), to deal
# in the Software without restriction, including without limitation the rights
# to use, copy, modify, merge, publish, distribute, sublicense, and/or sell
# copies of the Software, and to permit persons to whom the Software is
# furnished to do so, subject to the following conditions:
#
# The above copyright notice and this permission notice shall be included in all
# copies or substantial portions of the Software.
#
# THE SOFTWARE IS PROVIDED "AS IS", WITHOUT WARRANTY OF ANY KIND, EXPRESS OR
# IMPLIED, INCLUDING BUT NOT LIMITED TO THE WARRANTIES OF MERCHANTABILITY,
# FITNESS FOR A PARTICULAR PURPOSE AND NONINFRINGEMENT. IN NO EVENT SHALL THE
# AUTHORS OR COPYRIGHT HOLDERS BE LIABLE FOR ANY CLAIM, DAMAGES OR OTHER
# LIABILITY, WHETHER IN AN ACTION OF CONTRACT, TORT OR OTHERWISE, ARISING FROM,
# OUT OF OR IN CONNECTION WITH THE SOFTWARE OR THE USE OR OTHER DEALINGS IN THE
# SOFTWARE.
*/

#ifndef ECM_TCC
#define ECM_TCC

/* ECM unrestricted exchangeabilities, Kosiol et al. 2007, supplemental data
   [61x61] in A,C,G,T order */
constexpr float exchang[61][61] = {
    {0,        0.149578,  0.003881, 0.000136, 3.081614, 0.702594, 0.469281,
     0.915505, 0.011673,  0.001951, 0.007109, 0.976185, 0.130873, 0.081861,
     0.043198, 0.014101,  0.477439, 0.000145, 0.008892, 0.350473, 1.28699,
     0.056771, 0.000295,  0.423774, 0.5585,   0.696016, 0.08462,  0.64316,
     1.038682, 0.275355,  0.166706, 0.985145, 0.000288, 0.418802, 0.002508,
     0.000175, 6e-05,     0.169777, 0.000272, 0.039313, 9.1e-05,  0.388156,
     0.042812, 0.001312,  0.420899, 0.00012,  0.045044, 0.13094,  0.487317,
     0.002014, 12.677657, 1.164262, 0.003859, 1.205738, 6.2e-05,  0,
     0.969387, 0,         9.6e-05,  0.026551, 0.033529},
    {0.149578, 0,         0.372719, 0.010061, 0.106069, 0.027912, 0.042565,
     0.000236, 0.129098,  1.563846, 0.822643, 0.159248, 0.706782, 0.968351,
     0.18909,  1.524024,  0.091844, 0.606945, 0.000234, 0.154207, 1.477696,
     0.08331,  0.318595,  0.0126,   1.93135,  0.000562, 0.318574, 0.108501,
     0.524647, 0.667397,  9.3e-05,  0.377447, 1.091224, 1.251589, 3.195698,
     0.157605, 0.106257,  0.362328, 0.938586, 0.053017, 0.000141, 0.164659,
     0.000741, 12.984714, 0.049842, 1.19579,  0.245019, 0.00041,  4.693944,
     0.048882, 39.595443, 0.277265, 0.078926, 0.071794, 0.036489, 0.25938,
     0.001125, 0.285635,  0.342813, 0.001312, 4.483501},
    {0.003881,  0.372719, 0,        0.1763,   0.536567, 14.214694, 0.055025,
     0.009981,  0.004656, 0.241197, 0.042005, 0.003377, 0.162525,  2.211488,
     0,         0.417565, 0.173122, 0.000353, 0.03563,  0.001027,  43.916187,
     0.000247,  0.20148,  0.001718, 4.380679, 0.018814, 0.041435,  0.001329,
     12.931524, 0.878163, 0.000432, 0.00318,  0.005905, 1.322234,  0.04873,
     0.000374,  0.000112, 0.380374, 0.000534, 0.027479, 0.326035,  2.382451,
     0.037657,  0.021649, 0,        0.069995, 0.000156, 0.011768,  2.297807,
     0,         0.000934, 0.340811, 0.076434, 0.033372, 0.586818,  0.019568,
     0.066519,  0.000382, 0.000344, 0.040275, 0.177833},
    {0.000136, 0.010061, 0.1763,   0,        0.452442, 0.802516, 0.276499,
     0.928319, 0.001791, 0.294294, 0.99033,  0.034437, 0.046739, 0.054049,
     0.01514,  0,        0.277072, 0.002808, 0.483563, 7.487816, 7.316623,
     0.403913, 0.004868, 0.140516, 0.019406, 0.971148, 2.735831, 0.324162,
     1.144639, 0.02302,  0.389004, 2.203539, 7.8e-05,  0.031984, 0.262465,
     0.003312, 0.00104,  0.528692, 2.171984, 0.007891, 0.000838, 0.360196,
     1.447392, 0.033581, 0.343314, 0.566034, 3.036767, 0.159217, 0.015652,
     4.40061,  0.61732,  2.460976, 0,        0.529045, 0.008032, 0.074859,
     0.527094, 0.00014,  8.5e-05,  0.638696, 0.481042},
    {3.081614, 0.106069, 0.536567, 0.452442, 0,         0.04128,   0.00541,
     0.975727, 0.440217, 0.025678, 0.000858, 0.034978,  0.03156,   0,
     0.011491, 6.6e-05,  0.126844, 8.2e-05,  18.744445, 0.005026,  0.600415,
     1.197614, 0.00302,  0.928876, 0.016535, 1.394892,  0.381796,  2.359362,
     0.623366, 0.011032, 0.586685, 0.095418, 2.258321,  0.193544,  0.308851,
     0.975582, 1.164866, 0.109664, 0.003464, 0.251423,  0.668173,  0.308372,
     0.00442,  0.832592, 0.361403, 0.009174, 0.033994,  0.038612,  0.000141,
     1.260239, 0.526904, 0.063413, 0.000246, 0.032232,  31.915858, 0.360038,
     0.870967, 0.181411, 1.373823, 33.45378, 0.341791},
    {0.702594, 0.027912, 14.214694, 0.802516,  0.04128,  0,        0.018617,
     0.100928, 0.287373, 0.006464,  0.005472,  0.084945, 0.147873, 0.200205,
     0.078381, 0.446015, 0.116309,  0.732111,  8.832621, 0.001871, 0.454347,
     5.815294, 2.898791, 0.334224,  0.109975,  0.022062, 0.517896, 0.451134,
     0.291009, 3.06551,  4.971507,  0.074161,  0.002679, 0.03956,  0.313495,
     0.009966, 0.028878, 0.043721,  0.003641,  0.257122, 0.105112, 0.184749,
     0.890822, 0.00014,  1.265487,  0.08568,   0.002179, 0.330481, 0.497293,
     0.170041, 1.35386,  0.124232,  0.002597,  0.163174, 0.853779, 0.042762,
     0.044125, 0.036254, 2.30611,   10.291826, 0.047115},
    {0.469281, 0.042565, 0.055025,  0.276499,  0.00541,   0.018617, 0,
     0.121389, 0.905488, 0.140546,  0.227527,  0.502355,  0.746792, 0.187832,
     0.396521, 0.000893, 0.530278,  0.019586,  13.945647, 0.458622, 1.868194,
     1.644621, 0.05625,  28.579806, 1.041312,  0.013077,  0.077341, 0.120121,
     0.256174, 0.221536, 1.29386,   0.46097,   0.042815,  1.029128, 0.136432,
     0.001061, 0.04238,  0.159955,  0.283432,  0,         0.137634, 0.013216,
     0.00422,  0.014439, 0.010974,  0.892903,  0.034428,  2.738552, 0.012473,
     0.136148, 4.72584,  0.044676,  0.193328,  0.055163,  8.373639, 0.000135,
     0.027138, 0.014388, 5.651603,  15.127582, 0.058136},
    {0.915505, 0.000236, 0.009981, 0.928319, 0.975727, 0.100928, 0.121389,
     0,        0.032447, 0,        0,        0.150527, 0.000769, 0.006402,
     0.007112, 0.586111, 0.00963,  0.000192, 0.314379, 0.648523, 0.765495,
     0.273855, 0.430124, 4.127466, 9.612709, 0.103766, 0.983926, 0.001795,
     0.497593, 0.296358, 0.563566, 0.532092, 2.005334, 0.000388, 0.000718,
     0.426684, 2.729647, 0.167041, 0.053168, 0.095207, 0.119062, 0.004101,
     0.006776, 0.008986, 1.013424, 0.000158, 0.003354, 0.011379, 2.230691,
     0.012138, 0.091073, 0.500433, 9.6e-05,  0.079236, 2.260424, 0.74787,
     0.073657, 0.822643, 0.083684, 0.495176, 0.688169},
    {0.011673, 0.129098, 0.004656,  0.001791, 0.440217, 0.287373, 0.905488,
     0.032447, 0,        0.000289,  0.336277, 0.164143, 0.000368, 11.561124,
     0.006808, 0.080124, 0.001537,  0,        1.825878, 0.010298, 0.748196,
     0.028715, 0.000219, 1.094736,  0.034737, 1.610248, 0.126382, 2.323091,
     0.010929, 0.199589, 10.892976, 0.065212, 0,        0.518903, 0.006459,
     0,        0,        0.055425,  0.018603, 0.000283, 0.002863, 1.110726,
     0.176224, 0.001122, 0.008942,  0.676049, 0.703728, 0.021435, 0.000599,
     0.040109, 0.127696, 0,         0,        1.05204,  0.516594, 0.000192,
     1.481721, 0.072352, 0.000466,  0.128111, 0.070809},
    {0.001951, 1.563846, 0.241197, 0.294294, 0.025678, 0.006464, 0.140546,
     0,        0.000289, 0,        0.356038, 0.047437, 0.00707,  19.373137,
     6.2e-05,  1.950083, 0.000384, 0.255147, 0.771771, 0.002515, 0.065905,
     0.063994, 0.501456, 0.002044, 0.176829, 0.000236, 0.004382, 0.268662,
     4.7e-05,  1.523251, 0.094762, 0.016636, 0.636916, 9.6e-05,  9e-05,
     0.047268, 0.240505, 0,        0,        0.105305, 0.566759, 0.000843,
     0.016193, 0.395771, 0.007608, 0.127388, 0.309374, 5.8e-05,  0.599932,
     0,        0,        0.200806, 0.000416, 0.074846, 1.562591, 0.78734,
     0.00106,  2.487136, 0.622089, 0.002137, 0.524116},
    {0.007109, 0.822643, 0.042005, 0.99033,  0.000858, 0.005472, 0.227527,
     0,        0.336277, 0.356038, 0,        0.016776, 0.066966, 0.064397,
     0.000254, 0.190037, 0.000717, 2.581654, 0.250545, 0,        0.529619,
     0.009261, 0.032116, 0.000115, 0.806554, 0.000416, 0.063353, 0.005328,
     0.009289, 2.075154, 1.049877, 0.025405, 0.027973, 1.797671, 1.398079,
     0.022214, 0.001557, 0.201477, 0.051048, 0.00205,  0.030585, 1.228004,
     0.239725, 0.037461, 0.000821, 2.392606, 0.012227, 0.054025, 1.089585,
     0.000272, 8.5e-05,  6.4e-05,  0.056038, 0.063366, 4.919174, 0.096104,
     0.002079, 0.43252,  0.674176, 0.07373,  0.213967},
    {0.976185, 0.159248, 0.003377, 0.034437, 0.034978, 0.084945, 0.502355,
     0.150527, 0.164143, 0.047437, 0.016776, 0,        0,        5.140068,
     0.055366, 0.017824, 2.26249,  0,        3.994417, 2.862216, 0.86397,
     0.506841, 0.072138, 0.04789,  0.505677, 0.634927, 0.923644, 0.216244,
     0.225554, 0.089476, 0.00579,  0.863191, 0,        0.030223, 0.172889,
     0.089148, 0.629243, 0.083552, 0.03512,  0.585071, 8.5e-05,  0.000191,
     0.880032, 0,        1.572808, 0.024883, 0.086923, 0.072521, 0.199748,
     0.480521, 0.027355, 0,        0,        0.435109, 0.361164, 0.00014,
     0.617464, 0.101204, 0.000116, 1.253945, 0.069588},
    {0.130873, 0.706782, 0.162525, 0.046739, 0.03156,  0.147873, 0.746792,
     0.000769, 0.000368, 0.00707,  0.066966, 0,        0,        0.000482,
     0.661776, 0.106187, 0.000772, 0.020529, 0.00416,  0.06932,  0.140701,
     0.087905, 0.575921, 2.871848, 0.028569, 1.191514, 0.002262, 0.536332,
     0.116405, 0.285384, 0.275865, 0.034916, 0.188097, 0.604859, 1.702817,
     0.371685, 0.042595, 0.092988, 3.529593, 0.000559, 0.015763, 0.030474,
     0.153418, 0.012481, 0.059065, 0.001171, 0.928969, 4.2e-05,  1.155098,
     0.025454, 0.154017, 0.134394, 0.089308, 0.002179, 0.296014, 0.872084,
     0.89749,  0.00027,  0.000674, 0.118229, 0.798582},
    {0.081861, 0.968351,  2.211488,  0.054049, 0,        0.200205, 0.187832,
     0.006402, 11.561124, 19.373137, 0.064397, 5.140068, 0.000482, 0,
     0.759132, 0.027035,  0.001394,  2.047159, 0.001358, 0.006757, 0.309656,
     1.316696, 6.546163,  0.441084,  2.620833, 0.000132, 0.000123, 0,
     0.04144,  3.215817,  4.943439,  0.01454,  0.000135, 0.099985, 0.028249,
     0.015452, 0.117533,  0.348448,  0.223763, 0.003717, 0.012366, 0,
     0.000491, 0.129492,  0.038557,  0.042112, 1.120532, 0,        0.40868,
     0.573013, 0.352807,  0.068758,  1.328581, 2.066955, 0,        0.000929,
     0.000396, 0.239715,  0.54324,   0.007978, 0.503397},
    {0.043198, 0.18909,  0,        0.01514,  0.011491, 0.078381, 0.396521,
     0.007112, 0.006808, 6.2e-05,  0.000254, 0.055366, 0.661776, 0.759132,
     0,        0.028567, 0.451899, 0.001151, 0.000103, 0.000589, 0.511968,
     0.93684,  2.577578, 0.643789, 0.682579, 0.000136, 0.000589, 0.000253,
     0.056267, 1.769879, 2.397415, 0.000959, 0.001359, 0.135255, 0.015686,
     6.6e-05,  0.071612, 0,        0.066384, 0.184704, 0.003672, 0.976175,
     0.644235, 9.6e-05,  0.670108, 0.007428, 0.010037, 1.023142, 1.428293,
     0.069555, 0.626603, 0.015019, 0.292855, 0.486281, 0.048902, 0.040706,
     0.000679, 0.061833, 0.010122, 0.016442, 0.337279},
    {0.014101, 1.524024, 0.417565, 0,        6.6e-05,  0.446015, 0.000893,
     0.586111, 0.080124, 1.950083, 0.190037, 0.017824, 0.106187, 0.027035,
     0.028567, 0,        0.000254, 0.03173,  0.311885, 0.491034, 0.90581,
     0.021698, 0,        4.699375, 0.046583, 0.044178, 0.286547, 0.001871,
     3.8322,   0.143479, 0.306375, 0.18788,  0.023862, 0.837302, 0.728891,
     7.8e-05,  8.1e-05,  3.409178, 0.004629, 0.000624, 0.003771, 2.866325,
     0.068501, 0.049848, 0.001531, 1.544626, 0.083744, 0.001165, 0.015596,
     0,        0.041969, 0.663877, 0.18401,  0.080383, 0.360575, 1.773102,
     0.037822, 0.000479, 0.000299, 0.215788, 4.317981},
    {0.477439, 0.091844, 0.173122,  0.277072, 0.126844,  0.116309, 0.530278,
     0.00963,  0.001537, 0.000384,  0.000717, 2.26249,   0.000772, 0.001394,
     0.451899, 0.000254, 0,         0.236179, 5.637509,  1.08517,  4.087042,
     2.418859, 9.1e-05,  1.360141,  0.024699, 0.371072,  1.108802, 0.068927,
     0.571469, 3.5e-05,  0.018146,  0.046586, 3.487342,  0.953353, 0.911193,
     0.701399, 0.003287, 0.001413,  0.000832, 0.475496,  0.089643, 0.003635,
     0.011433, 1.399673, 0.044112,  0.032237, 0.000466,  0.602428, 0.323588,
     0.064968, 0.232728, 0.00172,   0.352731, 38.685701, 0.082373, 28.470047,
     0.150107, 0.003499, 11.161511, 0.064924, 0.198277},
    {0.000145,  0.606945, 0.000353,  0.002808,  8.2e-05,  0.732111, 0.019586,
     0.000192,  0,        0.255147,  2.581654,  0,        0.020529, 2.047159,
     0.001151,  0.03173,  0.236179,  0,         0.06043,  0.043756, 6.798629,
     31.949764, 0.338207, 0.354545,  0.058616,  0.086986, 0.509595, 0.754233,
     0.324525,  0.43362,  0.772349,  0.725836,  0.000524, 0.708204, 0.006305,
     0.002362,  0.002528, 3.879355,  0.008844,  0.001957, 0.002062, 0.560642,
     25.313949, 0.000657, 0.569076,  11.271062, 0.009008, 0.313779, 0.193459,
     1.075187,  0.051686, 0.000579,  0,         0.364129, 0.015001, 12.116657,
     3.82958,   0.001358, 12.035723, 0.371063,  0.034137},
    {0.008892, 0.000234, 0.03563,  0.483563, 18.744445, 8.832621, 13.945647,
     0.314379, 1.825878, 0.771771, 0.250545, 3.994417,  0.00416,  0.001358,
     0.000103, 0.311885, 5.637509, 0.06043,  0,         0.000192, 15.287419,
     0.116039, 0.150804, 0.03114,  0.013582, 0.000628,  0.000193, 3.0925,
     0.461383, 0.247195, 0.530881, 0.487814, 0.073021,  1.272426, 0.346978,
     0.000772, 0.000417, 0.879741, 0.004077, 0.03586,   9.1e-05,  0.42058,
     0.27295,  0.013526, 1.899865, 0.000419, 0.011733,  0.370309, 0.163406,
     5.159075, 0.16615,  0.534375, 0.00018,  0.12632,   0.02192,  19.459275,
     2.395833, 2.846677, 0.277929, 2.075226, 0.010188},
    {0.350473, 0.154207, 0.001027, 7.487816,  0.005026, 0.001871, 0.458622,
     0.648523, 0.010298, 0.002515, 0,         2.862216, 0.06932,  0.006757,
     0.000589, 0.491034, 1.08517,  0.043756,  0.000192, 0,        1.148387,
     1.113671, 0.000246, 1.320875, 0.031642,  0.000537, 0.000375, 0.76009,
     0.561523, 0.002143, 0.083261, 0.187826,  2.299543, 0.047403, 0.762425,
     0.565566, 0.002062, 0.000205, 10.956917, 0.381287, 0.81372,  0.000279,
     0.000115, 0.001356, 0.056145, 0.00193,   9.7e-05,  0.215492, 0.042006,
     13.60931, 0.043917, 0.001208, 0.000386,  0.089835, 1.018005, 1.376727,
     0.196983, 0.000141, 0.207692, 0.021444,  15.982573},
    {1.28699,  1.477696, 43.916187, 7.316623, 0.600415,  0.454347, 1.868194,
     0.765495, 0.748196, 0.065905,  0.529619, 0.86397,   0.140701, 0.309656,
     0.511968, 0.90581,  4.087042,  6.798629, 15.287419, 1.148387, 0,
     0.000289, 0.003786, 1.418383,  0.062369, 0.093542,  0.317466, 18.531553,
     0.303613, 0.051005, 0.000453,  0.00339,  0.072866,  1.89715,  0.555104,
     0.038763, 1.598824, 0.000359,  0.004316, 0.571505,  0.000192, 0.708395,
     0.009225, 0.01158,  0.002219,  0.000186, 0.000115,  0.563995, 0.081631,
     0.001248, 0.557015, 0.003054,  0.172403, 0.061583,  0.368538, 0.311759,
     6.2e-05,  8.319767, 0.210115,  0,        0.611887},
    {0.056771, 0.08331,   0.000247, 0.403913,  1.197614, 5.815294, 1.644621,
     0.273855, 0.028715,  0.063994, 0.009261,  0.506841, 0.087905, 1.316696,
     0.93684,  0.021698,  2.418859, 31.949764, 0.116039, 1.113671, 0.000289,
     0,        17.450524, 0.232701, 0.305714,  0.780008, 0.432918, 0.012331,
     0.220816, 0.004316,  1.293228, 0.060699,  0.060432, 0.04032,  0.033244,
     0.000951, 0.00956,   0.496706, 0.000952,  0.070533, 0.140943, 0.273876,
     0.169022, 0.009225,  0.26951,  0.200499,  0.122186, 0.514392, 2.236557,
     0.238839, 0.004089,  0.000741, 1.292935,  0.330036, 7e-05,    0.090674,
     0.371541, 15.484088, 0.264556, 0.079161,  1.184813},
    {0.000295,  0.318595, 0.20148,  0.004868, 0.00302,  2.898791, 0.05625,
     0.430124,  0.000219, 0.501456, 0.032116, 0.072138, 0.575921, 6.546163,
     2.577578,  0,        9.1e-05,  0.338207, 0.150804, 0.000246, 0.003786,
     17.450524, 0,        0.387941, 0,        0.336828, 0.003743, 0.0096,
     0.012002,  0.060922, 1.177718, 1.118208, 0.582801, 0.000116, 0.001087,
     0.001261,  0.396897, 8.5e-05,  9.6e-05,  0.140867, 0.105361, 0.092044,
     2.720153,  1.273908, 0.946136, 0.026338, 0.00599,  0.051709, 0.008455,
     0.003064,  0.003211, 0.660622, 0,        0.730306, 0.02623,  0.154441,
     0.00299,   0.324368, 2.016257, 0.112999, 35.921779},
    {0.423774, 0.0126,   0.001718, 0.140516, 0.928876, 0.334224, 28.579806,
     4.127466, 1.094736, 0.002044, 0.000115, 0.04789,  2.871848, 0.441084,
     0.643789, 4.699375, 1.360141, 0.354545, 0.03114,  1.320875, 1.418383,
     0.232701, 0.387941, 0,        0.304581, 0.021539, 0.622868, 0.238533,
     0.133032, 0.099519, 0.001066, 0.00284,  0.000384, 0.011511, 0.493508,
     0,        6e-05,    0.004747, 0.409432, 0.145245, 0.025544, 0.411115,
     1.24214,  0,        0.144388, 0.060909, 0.030883, 0.424321, 1.635281,
     0.000118, 0.006103, 9.4e-05,  2.130663, 0.059927, 0.94456,  2.985421,
     9.3e-05,  4.802017, 1.421996, 0.004063, 0.056677},
    {0.5585,   1.93135,  4.380679, 0.019406, 0.016535, 0.109975, 1.041312,
     9.612709, 0.034737, 0.176829, 0.806554, 0.505677, 0.028569, 2.620833,
     0.682579, 0.046583, 0.024699, 0.058616, 0.013582, 0.031642, 0.062369,
     0.305714, 0,        0.304581, 0,        0.000466, 0.001768, 0.324227,
     2.721043, 0.00041,  0.018727, 0.053908, 0.039265, 0.087384, 0.004982,
     1.236457, 0.335924, 0.000351, 0.069754, 0.741135, 0.000589, 0.002219,
     6.8e-05,  1.274118, 0.002374, 0.031466, 0.000357, 0.297371, 0.028736,
     0,        0.112395, 0.077815, 0.078312, 0.007508, 0.000589, 0.271628,
     0.000776, 0.078776, 0,        0.000155, 35.359077},
    {0.696016, 0.000562, 0.018814, 0.971148, 1.394892, 0.022062, 0.013077,
     0.103766, 1.610248, 0.000236, 0.000416, 0.634927, 1.191514, 0.000132,
     0.000136, 0.044178, 0.371072, 0.086986, 0.000628, 0.000537, 0.093542,
     0.780008, 0.336828, 0.021539, 0.000466, 0,        1.514097, 0.040907,
     0.560831, 1.042457, 0.359183, 0.325422, 0.565968, 4.5e-05,  0.0055,
     0.498504, 2.159328, 0.038559, 0.019665, 0.169264, 2.214735, 0.000485,
     0,        0.373948, 0.536362, 4e-05,    0,        0.020471, 0.834976,
     0.000424, 0.424607, 0.726908, 0.000405, 0.576476, 0.001302, 9.4e-05,
     0.393545, 0.544474, 0.000289, 0.037372, 11.510965},
    {0.08462,  0.318574,  0.041435, 2.735831, 0.381796, 0.517896, 0.077341,
     0.983926, 0.126382,  0.004382, 0.063353, 0.923644, 0.002262, 0.000123,
     0.000589, 0.286547,  1.108802, 0.509595, 0.000193, 0.000375, 0.317466,
     0.432918, 0.003743,  0.622868, 0.001768, 1.514097, 0,        0,
     0.034519, 0.899262,  0.269862, 0.00033,  0,        0.074851, 0.220908,
     0.005884, 24.400553, 0.415718, 6.74656,  3.415722, 0.150589, 1.262618,
     4.658653, 0.103323,  0.718719, 0.00442,  0.092405, 0.461729, 0.029786,
     0.403435, 0.918198,  0.019696, 3.330793, 0.508308, 0,        0.077878,
     0.806071, 0.337879,  0.485469, 0.004585, 17.424222},
    {0.64316,  0.108501, 0.001329, 0.324162, 2.359362, 0.451134, 0.120121,
     0.001795, 2.323091, 0.268662, 0.005328, 0.216244, 0.536332, 0,
     0.000253, 0.001871, 0.068927, 0.754233, 3.0925,   0.76009,  18.531553,
     0.012331, 0.0096,   0.238533, 0.324227, 0.040907, 0,        0,
     2.285052, 0.012394, 0.025006, 0.000932, 0.111968, 0.001654, 3.45257,
     0,        9.3e-05,  0.152215, 0.512203, 0.662578, 5.8e-05,  1.978448,
     0.380788, 0.084218, 2.600428, 0.045374, 0.131929, 0.013852, 0.443617,
     1.065537, 0.146501, 0.001377, 0.431456, 0.016628, 1.660885, 0.263567,
     0.000116, 0.196358, 0.000186, 0.004177, 0.694091},
    {1.038682, 0.524647, 12.931524, 1.144639,  0.623366, 0.291009,  0.256174,
     0.497593, 0.010929, 4.7e-05,   0.009289,  0.225554, 0.116405,  0.04144,
     0.056267, 3.8322,   0.571469,  0.324525,  0.461383, 0.561523,  0.303613,
     0.220816, 0.012002, 0.133032,  2.721043,  0.560831, 0.034519,  2.285052,
     0,        0.467136, 0.000679,  9.3e-05,   6e-05,    0.322807,  0.009512,
     0.139046, 2.007768, 0.00018,   0.181794,  0.50647,  0.000288,  1.035015,
     0.021048, 0.000105, 5.964323,  0.083636,  0.681575, 12.169045, 1.22002,
     0.010543, 0.136647, 17.923045, 1.119411,  0.058614, 0.000857,  0.014243,
     0.351882, 0.265948, 0.410046,  40.922701, 23.65509},
    {0.275355, 0.667397, 0.878163, 0.02302,   0.011032, 3.06551,  0.221536,
     0.296358, 0.199589, 1.523251, 2.075154,  0.089476, 0.285384, 3.215817,
     1.769879, 0.143479, 3.5e-05,  0.43362,   0.247195, 0.002143, 0.051005,
     0.004316, 0.060922, 0.099519, 0.00041,   1.042457, 0.899262, 0.012394,
     0.467136, 0,        0.042942, 0.224397,  0.140864, 0.072867, 0.011489,
     0.768607, 0.25165,  0.156468, 0.004438,  0.33378,  0.039362, 0.105226,
     0.022384, 0.034794, 0.043609, 0.013122,  6.2e-05,  0.413957, 0.321642,
     0.127899, 0.01602,  2.503268, 30.574631, 0.369273, 0.060421, 0.004593,
     0.075878, 0.002639, 0.195833, 0.040917,  0.158873},
    {0.166706, 9.3e-05,   0.000432, 0.389004,  0.586685, 4.971507, 1.29386,
     0.563566, 10.892976, 0.094762, 1.049877,  0.00579,  0.275865, 4.943439,
     2.397415, 0.306375,  0.018146, 0.772349,  0.530881, 0.083261, 0.000453,
     1.293228, 1.177718,  0.001066, 0.018727,  0.359183, 0.269862, 0.025006,
     0.000679, 0.042942,  0,        0.143614,  0.001247, 0.0173,   1.337629,
     0.002718, 0.00033,   0.167138, 0.300513,  1.372357, 0.00506,  0.104681,
     1.282522, 0.005195,  0.34689,  0.000116,  0.248099, 9.818281, 1.434579,
     0.105885, 0.001527,  0.143832, 0.059956,  0.617694, 0.000119, 0.002911,
     0.419831, 0.504866,  1.140051, 15.426733, 0.27809},
    {0.985145, 0.377447, 0.00318,  2.203539,  0.095418, 0.074161, 0.46097,
     0.532092, 0.065212, 0.016636, 0.025405,  0.863191, 0.034916, 0.01454,
     0.000959, 0.18788,  0.046586, 0.725836,  0.487814, 0.187826, 0.00339,
     0.060699, 1.118208, 0.00284,  0.053908,  0.325422, 0.00033,  0.000932,
     9.3e-05,  0.224397, 0.143614, 0,         0.61266,  0.005996, 0.004963,
     0.148268, 0.822133, 0.259909, 17.634677, 1.346385, 1.496628, 0.020909,
     0.000459, 0.340991, 0.21917,  0.020837,  0.296066, 0.175491, 0.324613,
     0.000469, 0.030121, 1.106179, 35.563093, 0.483076, 0.061227, 1.766961,
     1.266654, 0.308859, 0.081312, 1.07379,   0.011609},
    {0.000288, 1.091224, 0.005905, 7.8e-05,  2.258321, 0.002679, 0.042815,
     2.005334, 0,        0.636916, 0.027973, 0,        0.188097, 0.000135,
     0.001359, 0.023862, 3.487342, 0.000524, 0.073021, 2.299543, 0.072866,
     0.060432, 0.582801, 0.000384, 0.039265, 0.565968, 0,        0.111968,
     6e-05,    0.140864, 0.001247, 0.61266,  0,        0.001158, 0.032177,
     0.000553, 0.001441, 0.014314, 0.097165, 5.214689, 0.276276, 0.074536,
     0.238907, 0.064227, 0.46677,  0.004982, 0.324696, 0.082323, 0.898794,
     1.418466, 0.040902, 0.544828, 0.309643, 0.09207,  0.435243, 0.014351,
     2.018483, 0.025217, 0.01665,  0.091276, 0.05486},
    {0.418802, 1.251589,  1.322234, 0.031984, 0.193544,  0.03956,  1.029128,
     0.000388, 0.518903,  9.6e-05,  1.797671, 0.030223,  0.604859, 0.099985,
     0.135255, 0.837302,  0.953353, 0.708204, 1.272426,  0.047403, 1.89715,
     0.04032,  0.000116,  0.011511, 0.087384, 4.5e-05,   0.074851, 0.001654,
     0.322807, 0.072867,  0.0173,   0.005996, 0.001158,  0,        0.744,
     0.410199, 0.001918,  0.007948, 0.043222, 21.171295, 0.069567, 1.149846,
     1.558784, 0.684968,  0.000112, 0.097554, 0.009773,  0.00172,  0.011476,
     0.800602, 0.640495,  0.016022, 0.000311, 1.519211,  0.079712, 0.239388,
     0.011134, 23.496083, 0.000115, 0.775254, 0.822999},
    {0.002508, 3.195698, 0.04873,  0.262465, 0.308851, 0.313495, 0.136432,
     0.000718, 0.006459, 9e-05,    1.398079, 0.172889, 1.702817, 0.028249,
     0.015686, 0.728891, 0.911193, 0.006305, 0.346978, 0.762425, 0.555104,
     0.033244, 0.001087, 0.493508, 0.004982, 0.0055,   0.220908, 3.45257,
     0.009512, 0.011489, 1.337629, 0.004963, 0.032177, 0.744,    0,
     0.000447, 0.001254, 0.105884, 0.143481, 0.018773, 1.526141, 0.672077,
     0.235747, 0.496552, 0.000187, 0.551493, 0.016839, 0.029826, 0.000272,
     3.062807, 0.794366, 0.005436, 0.136849, 0.332396, 0.083475, 0.256283,
     0.409721, 0.006558, 0.011978, 0.286252, 0.045951},
    {0.000175, 0.157605, 0.000374, 0.003312, 0.975582, 0.009966, 0.001061,
     0.426684, 0,        0.047268, 0.022214, 0.089148, 0.371685, 0.015452,
     6.6e-05,  7.8e-05,  0.701399, 0.002362, 0.000772, 0.565566, 0.038763,
     0.000951, 0.001261, 0,        1.236457, 0.498504, 0.005884, 0,
     0.139046, 0.768607, 0.002718, 0.148268, 0.000553, 0.410199, 0.000447,
     0,        0.185038, 2.163175, 0.634203, 0.053748, 0.194964, 0.716441,
     0.293884, 0.00061,  0.002449, 0.000164, 0.080337, 1.720919, 0.345545,
     0.67937,  0.039428, 0.176476, 0.255975, 0.002122, 0.733202, 0.000981,
     0.871568, 0.149771, 0.496046, 0.044742, 0.143447},
    {6e-05,     0.106257, 0.000112, 0.00104,  1.164866, 0.028878,  0.04238,
     2.729647,  0,        0.240505, 0.001557, 0.629243, 0.042595,  0.117533,
     0.071612,  8.1e-05,  0.003287, 0.002528, 0.000417, 0.002062,  1.598824,
     0.00956,   0.396897, 6e-05,    0.335924, 2.159328, 24.400553, 9.3e-05,
     2.007768,  0.25165,  0.00033,  0.822133, 0.001441, 0.001918,  0.001254,
     0.185038,  0,        0.002974, 0,        0.067431, 0.053714,  0.08406,
     0.003029,  0.703092, 0.194319, 0.000384, 0.938439, 0.012121,  1.050363,
     16.415611, 0.183143, 0.012886, 0.000344, 0.049246, 0.000595,  6.8e-05,
     0.079948,  0.648769, 0.000678, 0.057328, 0.343463},
    {0.169777,  0.362328, 0.380374,  0.528692, 0.109664, 0.043721, 0.159955,
     0.167041,  0.055425, 0,         0.201477, 0.083552, 0.092988, 0.348448,
     0,         3.409178, 0.001413,  3.879355, 0.879741, 0.000205, 0.000359,
     0.496706,  8.5e-05,  0.004747,  0.000351, 0.038559, 0.415718, 0.152215,
     0.00018,   0.156468, 0.167138,  0.259909, 0.014314, 0.007948, 0.105884,
     2.163175,  0.002974, 0,         0.003376, 0.375097, 6.6e-05,  0.381671,
     0.000119,  0.183952, 8.4e-05,   0.003549, 0.298738, 0.001082, 7e-05,
     0,         0.023909, 0.604541,  9.6e-05,  0.250748, 0.000264, 0.682254,
     13.991583, 0.026571, 16.560966, 0.664866, 1.811753},
    {0.000272, 0.938586, 0.000534, 2.171984,  0.003464, 0.003641,  0.283432,
     0.053168, 0.018603, 0,        0.051048,  0.03512,  3.529593,  0.223763,
     0.066384, 0.004629, 0.000832, 0.008844,  0.004077, 10.956917, 0.004316,
     0.000952, 9.6e-05,  0.409432, 0.069754,  0.019665, 6.74656,   0.512203,
     0.181794, 0.004438, 0.300513, 17.634677, 0.097165, 0.043222,  0.143481,
     0.634203, 0,        0.003376, 0,         0.639125, 0.000295,  8.1e-05,
     7.8e-05,  0.590833, 0.037724, 0.556204,  0.165587, 0.001951,  0.053805,
     5.784672, 1.13591,  0.516927, 0.000116,  0.423382, 0.000408,  0.009981,
     0.010539, 0.040087, 0.000186, 0.438648,  0.75198},
    {0.039313, 0.053017, 0.027479,  0.007891, 0.251423, 0.257122,  0,
     0.095207, 0.000283, 0.105305,  0.00205,  0.585071, 0.000559,  0.003717,
     0.184704, 0.000624, 0.475496,  0.001957, 0.03586,  0.381287,  0.571505,
     0.070533, 0.140867, 0.145245,  0.741135, 0.169264, 3.415722,  0.662578,
     0.50647,  0.33378,  1.372357,  1.346385, 5.214689, 21.171295, 0.018773,
     0.053748, 0.067431, 0.375097,  0.639125, 0,        0.175861,  0,
     0.002797, 0.032039, 0.000283,  7e-05,    1.179053, 0.201112,  0.004348,
     0.121855, 0.081931, 0.000116,  0.115975, 0,        0.362681,  0.206851,
     0.433759, 0.032564, 27.219895, 0.195073, 0.395942},
    {9.1e-05,  0.000141, 0.326035, 0.000838, 0.668173, 0.105112, 0.137634,
     0.119062, 0.002863, 0.566759, 0.030585, 8.5e-05,  0.015763, 0.012366,
     0.003672, 0.003771, 0.089643, 0.002062, 9.1e-05,  0.81372,  0.000192,
     0.140943, 0.105361, 0.025544, 0.000589, 2.214735, 0.150589, 5.8e-05,
     0.000288, 0.039362, 0.00506,  1.496628, 0.276276, 0.069567, 1.526141,
     0.194964, 0.053714, 6.6e-05,  0.000295, 0.175861, 0,        13.981617,
     25.64086, 0.136937, 0.713961, 0.000753, 1.693998, 0.073682, 0.344601,
     0.246094, 0.0103,   0.563799, 0.203017, 0.24749,  0.10308,  0.067554,
     0.208041, 0.487542, 0.017106, 0.761771, 0.240632},
    {0.388156,  0.164659, 2.382451, 0.360196, 0.308372, 0.184749,  0.013216,
     0.004101,  1.110726, 0.000843, 1.228004, 0.000191, 0.030474,  0,
     0.976175,  2.866325, 0.003635, 0.560642, 0.42058,  0.000279,  0.708395,
     0.273876,  0.092044, 0.411115, 0.002219, 0.000485, 1.262618,  1.978448,
     1.035015,  0.105226, 0.104681, 0.020909, 0.074536, 1.149846,  0.672077,
     0.716441,  0.08406,  0.381671, 8.1e-05,  0,        13.981617, 0,
     18.675227, 0.403521, 0.2804,   0.01531,  0.036022, 0.061497,  0.029088,
     0.042282,  0.897101, 0.002398, 3.765697, 0.105597, 0.076938,  2.057449,
     0.349846,  0.005535, 0.021578, 0.000467, 0.040012},
    {0.042812, 0.000741, 0.037657,  1.447392,  0.00442,  0.890822, 0.00422,
     0.006776, 0.176224, 0.016193,  0.239725,  0.880032, 0.153418, 0.000491,
     0.644235, 0.068501, 0.011433,  25.313949, 0.27295,  0.000115, 0.009225,
     0.169022, 2.720153, 1.24214,   6.8e-05,   0,        4.658653, 0.380788,
     0.021048, 0.022384, 1.282522,  0.000459,  0.238907, 1.558784, 0.235747,
     0.293884, 0.003029, 0.000119,  7.8e-05,   0.002797, 25.64086, 18.675227,
     0,        0.968146, 0.00176,   0.247245,  0.046588, 0.00033,  0,
     0.527005, 1.164525, 0.001702,  2.469249,  0.079119, 0.002854, 1.243753,
     0.053363, 0.138742, 21.437257, 0.000123,  0.138244},
    {0.001312, 12.984714, 0.021649, 0.033581, 0.832592, 0.00014,  0.014439,
     0.008986, 0.001122,  0.395771, 0.037461, 0,        0.012481, 0.129492,
     9.6e-05,  0.049848,  1.399673, 0.000657, 0.013526, 0.001356, 0.01158,
     0.009225, 1.273908,  0,        1.274118, 0.373948, 0.103323, 0.084218,
     0.000105, 0.034794,  0.005195, 0.340991, 0.064227, 0.684968, 0.496552,
     0.00061,  0.703092,  0.183952, 0.590833, 0.032039, 0.136937, 0.403521,
     0.968146, 0,         0.909861, 0.000289, 0.658541, 0.197641, 0.374419,
     0.093491, 0.00988,   0.563956, 0.39019,  0.05791,  0.962295, 0.208924,
     5.709933, 0.261069,  0.020649, 0.054021, 0.56162},
    {0.420899, 0.049842, 0,        0.343314, 0.361403, 1.265487, 0.010974,
     1.013424, 0.008942, 0.007608, 0.000821, 1.572808, 0.059065, 0.038557,
     0.670108, 0.001531, 0.044112, 0.569076, 1.899865, 0.056145, 0.002219,
     0.26951,  0.946136, 0.144388, 0.002374, 0.536362, 0.718719, 2.600428,
     5.964323, 0.043609, 0.34689,  0.21917,  0.46677,  0.000112, 0.000187,
     0.002449, 0.194319, 8.4e-05,  0.037724, 0.000283, 0.713961, 0.2804,
     0.00176,  0.909861, 0,        6e-05,    0.010419, 0.113991, 0.831215,
     0,        1.903571, 0,        0.478019, 0.00976,  0.053874, 0.188587,
     1.066285, 0,        1.036474, 0.634065, 0.076912},
    {0.00012,  1.19579,  0.069995,  0.566034,  0.009174, 0.08568,  0.892903,
     0.000158, 0.676049, 0.127388,  2.392606,  0.024883, 0.001171, 0.042112,
     0.007428, 1.544626, 0.032237,  11.271062, 0.000419, 0.00193,  0.000186,
     0.200499, 0.026338, 0.060909,  0.031466,  4e-05,    0.00442,  0.045374,
     0.083636, 0.013122, 0.000116,  0.020837,  0.004982, 0.097554, 0.551493,
     0.000164, 0.000384, 0.003549,  0.556204,  7e-05,    0.000753, 0.01531,
     0.247245, 0.000289, 6e-05,     0,         0.165784, 13.93595, 0.035939,
     4.8e-05,  0,        0.685812,  0.042112,  0.751904, 0.177757, 2.691226,
     0.034573, 0.310416, 15.874441, 0.340541,  0.733587},
    {0.045044, 0.245019, 0.000156, 3.036767, 0.033994, 0.002179, 0.034428,
     0.003354, 0.703728, 0.309374, 0.012227, 0.086923, 0.928969, 1.120532,
     0.010037, 0.083744, 0.000466, 0.009008, 0.011733, 9.7e-05,  0.000115,
     0.122186, 0.00599,  0.030883, 0.000357, 0,        0.092405, 0.131929,
     0.681575, 6.2e-05,  0.248099, 0.296066, 0.324696, 0.009773, 0.016839,
     0.080337, 0.938439, 0.298738, 0.165587, 1.179053, 1.693998, 0.036022,
     0.046588, 0.658541, 0.010419, 0.165784, 0,        0.018315, 6e-05,
     0,        0.003713, 0.032106, 0,        0.107218, 0.173298, 1.759732,
     0.016701, 0.215779, 0.198558, 0.001483, 0.645571},
    {0.13094,   0.00041,  0.011768, 0.159217, 0.038612, 0.330481, 2.738552,
     0.011379,  0.021435, 5.8e-05,  0.054025, 0.072521, 4.2e-05,  0,
     1.023142,  0.001165, 0.602428, 0.313779, 0.370309, 0.215492, 0.563995,
     0.514392,  0.051709, 0.424321, 0.297371, 0.020471, 0.461729, 0.013852,
     12.169045, 0.413957, 9.818281, 0.175491, 0.082323, 0.00172,  0.029826,
     1.720919,  0.012121, 0.001082, 0.001951, 0.201112, 0.073682, 0.061497,
     0.00033,   0.197641, 0.113991, 13.93595, 0.018315, 0,        0.001483,
     0.390087,  0.004832, 0,        1.006045, 2.473439, 0.042119, 0.002705,
     0.017774,  0.000116, 0.113701, 3.088481, 24.177765},
    {0.487317, 4.693944, 2.297807, 0.015652, 0.000141, 0.497293, 0.012473,
     2.230691, 0.000599, 0.599932, 1.089585, 0.199748, 1.155098, 0.40868,
     1.428293, 0.015596, 0.323588, 0.193459, 0.163406, 0.042006, 0.081631,
     2.236557, 0.008455, 1.635281, 0.028736, 0.834976, 0.029786, 0.443617,
     1.22002,  0.321642, 1.434579, 0.324613, 0.898794, 0.011476, 0.000272,
     0.345545, 1.050363, 7e-05,    0.053805, 0.004348, 0.344601, 0.029088,
     0,        0.374419, 0.831215, 0.035939, 6e-05,    0.001483, 0,
     9.6e-05,  2.478358, 0.107434, 2.20843,  0.114551, 0.300354, 0.298091,
     0.294368, 0.001022, 1.183337, 0.01025,  0.249707},
    {0.002014, 0.048882,  0,        4.40061,  1.260239, 0.170041, 0.136148,
     0.012138, 0.040109,  0,        0.000272, 0.480521, 0.025454, 0.573013,
     0.069555, 0,         0.064968, 1.075187, 5.159075, 13.60931, 0.001248,
     0.238839, 0.003064,  0.000118, 0,        0.000424, 0.403435, 1.065537,
     0.010543, 0.127899,  0.105885, 0.000469, 1.418466, 0.800602, 3.062807,
     0.67937,  16.415611, 0,        5.784672, 0.121855, 0.246094, 0.042282,
     0.527005, 0.093491,  0,        4.8e-05,  0,        0.390087, 9.6e-05,
     0,        0.170088,  0.703795, 0.316372, 0.01447,  0.000448, 0.021723,
     0.270274, 0,         0.786871, 0.002795, 0.052602},
    {12.677657, 39.595443, 0.000934, 0.61732,  0.526904, 1.35386,  4.72584,
     0.091073,  0.127696,  0,        8.5e-05,  0.027355, 0.154017, 0.352807,
     0.626603,  0.041969,  0.232728, 0.051686, 0.16615,  0.043917, 0.557015,
     0.004089,  0.003211,  0.006103, 0.112395, 0.424607, 0.918198, 0.146501,
     0.136647,  0.01602,   0.001527, 0.030121, 0.040902, 0.640495, 0.794366,
     0.039428,  0.183143,  0.023909, 1.13591,  0.081931, 0.0103,   0.897101,
     1.164525,  0.00988,   1.903571, 0,        0.003713, 0.004832, 2.478358,
     0.170088,  0,         0.422671, 0.798346, 0.000593, 2.029914, 27.244097,
     0.14894,   1.045943,  0.628438, 0.03214,  18.541946},
    {1.164262,  0.277265, 0.340811, 2.460976, 0.063413, 0.124232, 0.044676,
     0.500433,  0,        0.200806, 6.4e-05,  0,        0.134394, 0.068758,
     0.015019,  0.663877, 0.00172,  0.000579, 0.534375, 0.001208, 0.003054,
     0.000741,  0.660622, 9.4e-05,  0.077815, 0.726908, 0.019696, 0.001377,
     17.923045, 2.503268, 0.143832, 1.106179, 0.544828, 0.016022, 0.005436,
     0.176476,  0.012886, 0.604541, 0.516927, 0.000116, 0.563799, 0.002398,
     0.001702,  0.563956, 0,        0.685812, 0.032106, 0,        0.107434,
     0.703795,  0.422671, 0,        0.105449, 0.002163, 0.184327, 0.715716,
     0.529594,  1.341144, 0.068342, 0.151589, 0.675537},
    {0.003859, 0.078926,  0.076434,  0,         0.000246, 0.002597, 0.193328,
     9.6e-05,  0,         0.000416,  0.056038,  0,        0.089308, 1.328581,
     0.292855, 0.18401,   0.352731,  0,         0.00018,  0.000386, 0.172403,
     1.292935, 0,         2.130663,  0.078312,  0.000405, 3.330793, 0.431456,
     1.119411, 30.574631, 0.059956,  35.563093, 0.309643, 0.000311, 0.136849,
     0.255975, 0.000344,  9.6e-05,   0.000116,  0.115975, 0.203017, 3.765697,
     2.469249, 0.39019,   0.478019,  0.042112,  0,        1.006045, 2.20843,
     0.316372, 0.798346,  0.105449,  0,         1.144692, 4.718199, 12.868484,
     0.299978, 12.455337, 56.838378, 0.025873,  0.773935},
    {1.205738, 0.071794, 0.033372,  0.529045, 0.032232, 0.163174, 0.055163,
     0.079236, 1.05204,  0.074846,  0.063366, 0.435109, 0.002179, 2.066955,
     0.486281, 0.080383, 38.685701, 0.364129, 0.12632,  0.089835, 0.061583,
     0.330036, 0.730306, 0.059927,  0.007508, 0.576476, 0.508308, 0.016628,
     0.058614, 0.369273, 0.617694,  0.483076, 0.09207,  1.519211, 0.332396,
     0.002122, 0.049246, 0.250748,  0.423382, 0,        0.24749,  0.105597,
     0.079119, 0.05791,  0.00976,   0.751904, 0.107218, 2.473439, 0.114551,
     0.01447,  0.000593, 0.002163,  1.144692, 0,        3.193996, 0.000155,
     0.265766, 0.07355,  0.493179,  3.121656, 1.204356},
    {6.2e-05,  0.036489, 0.586818, 0.008032, 31.915858, 0.853779, 8.373639,
     2.260424, 0.516594, 1.562591, 4.919174, 0.361164,  0.296014, 0,
     0.048902, 0.360575, 0.082373, 0.015001, 0.02192,   1.018005, 0.368538,
     7e-05,    0.02623,  0.94456,  0.000589, 0.001302,  0,        1.660885,
     0.000857, 0.060421, 0.000119, 0.061227, 0.435243,  0.079712, 0.083475,
     0.733202, 0.000595, 0.000264, 0.000408, 0.362681,  0.10308,  0.076938,
     0.002854, 0.962295, 0.053874, 0.177757, 0.173298,  0.042119, 0.300354,
     0.000448, 2.029914, 0.184327, 4.718199, 3.193996,  0,        0.415775,
     0.00104,  0.266943, 0.632947, 0.065669, 0.030074},
    {0,        0.25938,   0.019568,  0.074859,  0.360038,  0.042762, 0.000135,
     0.74787,  0.000192,  0.78734,   0.096104,  0.00014,   0.872084, 0.000929,
     0.040706, 1.773102,  28.470047, 12.116657, 19.459275, 1.376727, 0.311759,
     0.090674, 0.154441,  2.985421,  0.271628,  9.4e-05,   0.077878, 0.263567,
     0.014243, 0.004593,  0.002911,  1.766961,  0.014351,  0.239388, 0.256283,
     0.000981, 6.8e-05,   0.682254,  0.009981,  0.206851,  0.067554, 2.057449,
     1.243753, 0.208924,  0.188587,  2.691226,  1.759732,  0.002705, 0.298091,
     0.021723, 27.244097, 0.715716,  12.868484, 0.000155,  0.415775, 0,
     0,        0.004815,  0.069758,  0.016609,  0.656004},
    {0.969387, 0.001125, 0.066519,  0.527094, 0.870967, 0.044125, 0.027138,
     0.073657, 1.481721, 0.00106,   0.002079, 0.617464, 0.89749,  0.000396,
     0.000679, 0.037822, 0.150107,  3.82958,  2.395833, 0.196983, 6.2e-05,
     0.371541, 0.00299,  9.3e-05,   0.000776, 0.393545, 0.806071, 0.000116,
     0.351882, 0.075878, 0.419831,  1.266654, 2.018483, 0.011134, 0.409721,
     0.871568, 0.079948, 13.991583, 0.010539, 0.433759, 0.208041, 0.349846,
     0.053363, 5.709933, 1.066285,  0.034573, 0.016701, 0.017774, 0.294368,
     0.270274, 0.14894,  0.529594,  0.299978, 0.265766, 0.00104,  0,
     0,        0,        0.271072,  0.070308, 0.27499},
    {0,         0.285635, 0.000382, 0.00014,   0.181411, 0.036254,  0.014388,
     0.822643,  0.072352, 2.487136, 0.43252,   0.101204, 0.00027,   0.239715,
     0.061833,  0.000479, 0.003499, 0.001358,  2.846677, 0.000141,  8.319767,
     15.484088, 0.324368, 4.802017, 0.078776,  0.544474, 0.337879,  0.196358,
     0.265948,  0.002639, 0.504866, 0.308859,  0.025217, 23.496083, 0.006558,
     0.149771,  0.648769, 0.026571, 0.040087,  0.032564, 0.487542,  0.005535,
     0.138742,  0.261069, 0,        0.310416,  0.215779, 0.000116,  0.001022,
     0,         1.045943, 1.341144, 12.455337, 0.07355,  0.266943,  0.004815,
     0,         0,        1.323765, 8.808275,  2.395822},
    {9.6e-05,   0.342813, 0.000344,  8.5e-05,   1.373823,  2.30611,  5.651603,
     0.083684,  0.000466, 0.622089,  0.674176,  0.000116,  0.000674, 0.54324,
